// Model:              Estacionari.mph
// Version:            COMSOL 5.3.1.275
// Date:               Jul 27 2021, 10:45
// Dimension:          1
// Nodes:              309
// Expressions:        1
// Description:        Line graph
// X                       Height
-2.5E-4                   300
-2.444730313797208E-4     300.0414630312273
-2.3894606275944152E-4    300.0830768421614
-2.3341909413916224E-4    300.12484143280244
-2.2789212551888296E-4    300.16675680315035
-2.2236515689860373E-4    300.2088229532052
-2.1683818827832445E-4    300.2510398829669
-2.113112196580452E-4     300.2935715074019
-2.0578425103776594E-4    300.3366008451266
-2.0025728241748666E-4    300.3801278961409
-1.9473031379720738E-4    300.42415266044486
-1.8920334517692815E-4    300.4686751380385
-1.836763765566489E-4     300.5136953289218
-1.7814940793636964E-4    300.55937958925216
-1.7262243931609038E-4    300.6060383966216
-1.670954706958111E-4     300.65367175103023
-1.6156850207553182E-4    300.70227965247796
-1.5604153345525257E-4    300.7518621009649
-1.505145648349733E-4     300.802419096491
-1.4500395566785076E-4    300.85399044581135
-1.394933465007282E-4     300.9073264342047
-1.3398273733360565E-4    300.9624270616711
-1.284721281664831E-4     301.01929232821055
-1.2296151899936051E-4    301.07792223382313
-1.1745090983223797E-4    301.13831677850874
-1.1251479003405902E-4    301.19419686305395
-1.0757867023588007E-4    301.25269058489806
-1.026425504377011E-4     301.31379794404114
-9.770643063952213E-5     301.3775189404832
-9.277031084134319E-5     301.44385357422425
-8.783419104316424E-5     301.5128018452642
-8.406442476656132E-5     301.56773215654033
-8.02946584899584E-5      301.62551167104255
-7.652489221335548E-5     301.6861403887709
-7.275512593675257E-5     301.7496183097254
-6.898535966014965E-5     301.8159454339061
-6.521559338354672E-5     301.8851217613129
-6.241353479382938E-5     301.93893104418737
-5.961147620411203E-5     301.99565461676906
-5.6809417614394676E-5    302.055292479058
-5.400735902467733E-5     302.11784463105414
-5.120530043495997E-5     302.18331107275765
-4.840324184524263E-5     302.2516918041684
-4.632111437350827E-5     302.30493345466647
-4.423898690177392E-5     302.3611262166613
-4.2156859430039567E-5    302.4202700901528
-4.0074731958305215E-5    302.4823650751411
-3.799260448657086E-5     302.54741117162615
-3.5910477014836505E-5    302.61540837960797
-3.4363309013127365E-5    302.6683948572315
-3.281614101141823E-5     302.7243580659298
-3.12689730097091E-5      302.7832980057028
-2.9721805007999963E-5    302.84521467655054
-2.8174637006290833E-5    302.91010807847306
-2.66274690045817E-5      302.97797821147026
-2.5477816259187253E-5    303.0308908808621
-2.432816351379281E-5     303.0868033925388
-2.317851076839836E-5     303.14571574650034
-2.2028858023003914E-5    303.2076279427467
-2.0879205277609467E-5    303.272539981278
-1.9729552532215023E-5    303.3404518620941
-1.8875277166815003E-5    303.3934138713587
-1.8021001801414987E-5    303.4494003471455
-1.716672643601497E-5     303.5084112894545
-1.631245107061495E-5     303.5704466982857
-1.545817570521493E-5     303.63550657363913
-1.4603900339814917E-5    303.7035909155147
-1.3969119836737934E-5    303.7567045684491
-1.3334339333660954E-5    303.81287206464367
-1.2699558830583972E-5    303.8720934040984
-1.206477832750699E-5     303.9343685868134
-1.1429997824430008E-5    303.9996976127885
-1.0795217321353027E-5    304.0680804820239
-1.0323528565730788E-5    304.12144565792977
-9.851839810108546E-6     304.1779047833404
-9.380151054486304E-6     304.2374578582559
-8.908462298864063E-6     304.30010488267624
-8.436773543241819E-6     304.3658458566014
-7.965084787619579E-6     304.4346807800315
-7.614586154110506E-6     304.48840680822383
-7.264087520601432E-6     304.54528039709095
-6.913588887092357E-6     304.60530154663286
-6.563090253583283E-6     304.6684702568495
-6.2125916200742095E-6    304.734786527741
-5.862092986565136E-6     304.8042503593072
-5.6016474774652905E-6    304.8584994114542
-5.341201968365444E-6     304.91596982455053
-5.080756459265599E-6     304.97666159859614
-4.820310950165753E-6     305.0405747335911
-4.559865441065908E-6     305.1077092295354
-4.299419931966063E-6     305.178065086429
-4.105890338492156E-6     305.23303912310905
-3.912360745018248E-6     305.29133915275423
-3.7188311515443405E-6    305.35296517536455
-3.5253015580704324E-6    305.41791719094005
-3.3317719645965246E-6    305.48619519948073
-3.1382423711226173E-6    305.5577992009866
-2.99443603544181E-6      305.6137970764063
-2.850629699761002E-6     305.67327179102904
-2.706823364080194E-6     305.73622334485486
-2.5630170283993856E-6    305.8026517378838
-2.419210692718578E-6     305.8725569701159
-2.2754043570377703E-6    305.9459390415511
-2.1685458623427987E-6    306.00339357398605
-2.061687367647827E-6     306.06455056209796
-1.9548288729528553E-6    306.1294100058868
-1.8479703782578832E-6    306.1979719053527
-1.741111883562912E-6     306.27023626049555
-1.6342533888679403E-6    306.3462030713154
-1.5548496486552503E-6    306.4057844276515
-1.47544590844256E-6      306.46942001592294
-1.3960421682298698E-6    306.53710983612973
-1.3166384280171796E-6    306.60885388827194
-1.2372346878044896E-6    306.6846521723496
-1.1578309475917996E-6    306.76450468836265
-1.0988278764649242E-6    306.8272897146482
-1.0398248053380488E-6    306.89471804174167
-9.808217342111732E-7     306.96678966964305
-9.218186630842976E-7     307.04350459835234
-8.628155919574222E-7     307.1248628278696
-8.038125208305469E-7     307.2108643581947
-7.599683698994091E-7     307.27874857488945
-7.161242189682711E-7     307.3523797013423
-6.722800680371331E-7     307.43175773755314
-6.284359171059951E-7     307.51688268352217
-5.845917661748572E-7     307.60775453924924
-5.407476152437193E-7     307.7043733047345
-5.081673000696849E-7     307.7811331912441
-4.755869848956505E-7     307.8661382702968
-4.4300666972161615E-7    307.9593885418924
-4.104263545475817E-7     308.060884006031
-3.7784603937354734E-7    308.17062466271267
-3.4526572419951297E-7    308.2886105119373
-3.210547701662608E-7     308.3840983245616
-2.9684381613300866E-7    308.50499373354853
-2.726328620997565E-7     308.651296738898
-2.484219080665043E-7     308.8230073406101
-2.2421095403325214E-7    309.02012553868485
-2.0E-7                   309.2426513331222
-2.0E-7                   332.77065039434115
-2.0E-7                   332.90282786744217
-2.0E-7                   333.0109953684223
-2.0E-7                   333.09515289728154
-2.0E-7                   333.1553004540198
-2.0E-7                   333.1914380386373
-2.0E-7                   333.2035656511338
-1.7659479415434115E-7    333.2040628619958
-1.5318958830868234E-7    333.20477747010136
-1.297843824630235E-7     333.20570947545053
-1.0637917661736465E-7    333.20685887804325
-8.297397077170581E-8     333.2082256778796
-5.9568764926047E-8       333.20980987495955
-3.793803451554657E-8     333.21079236456524
-1.6307304105046127E-8    333.2113433714847
5.323426305454306E-9      333.2114628957179
2.695415671595474E-8      333.2111509372648
4.8584887126455185E-8     333.2104074961254
7.021561753695561E-8      333.2092325722997
9.184634794746301E-8      333.20775096349735
1.1347707835797041E-7     333.20648970195816
1.351078087684778E-7      333.2054487876822
1.567385391789852E-7      333.20462822066935
1.783692695894926E-7      333.2040280009197
2.0E-7                    333.20364812843326
2.0E-7                    333.19151223106945
2.0E-7                    333.1553639265995
2.0E-7                    333.0952032150233
2.0E-7                    333.01103009634085
2.0E-7                    332.9028445705523
2.0E-7                    332.7706466376575
2.0E-7                    309.2411892801157
2.242109540332572E-7      309.01932875251015
2.4842190806651436E-7     308.82270266524057
2.7263286209977146E-7     308.651311018307
2.968438161330286E-7      308.5051538117095
3.2105477016628583E-7     308.384231045448
3.4526572419954293E-7     308.2885427195226
3.778460393735761E-7      308.1705723057941
4.104263545476092E-7      308.0608394496071
4.4300666972164235E-7     307.95934415096156
4.7558698489567546E-7     307.86608640985753
5.081673000697086E-7      307.7810662262951
5.407476152437418E-7      307.7042836002741
5.845917661748774E-7      307.60768574972894
6.284359171060129E-7      307.5168303103378
6.722800680371483E-7      307.43171728210064
7.161242189682838E-7      307.35234666501754
7.599683698994192E-7      307.27871845908845
8.038125208305548E-7      307.2108326643134
8.628155919574358E-7      307.12483739765855
9.218186630843169E-7      307.0434844882732
9.808217342111978E-7      306.9667739361571
1.0398248053380787E-6     306.89470574131036
1.0988278764649598E-6     306.8272799037331
1.1578309475918409E-6     306.7644964234251
1.2372346878045353E-6     306.6846447518513
1.3166384280172298E-6     306.60884769383546
1.396042168229924E-6      306.53710524937765
1.4754459084426185E-6     306.46941741847786
1.554849648655313E-6      306.4057842011361
1.6342533888680073E-6     306.34620559735237
1.74111188356299E-6       306.2702394936646
1.8479703782579726E-6     306.197975198428
1.954828872952955E-6      306.1294127116429
2.061687367647937E-6      306.06455203330904
2.16854586234292E-6       306.00339316342655
2.2754043570379025E-6     305.94593610199536
2.4192106927187323E-6     305.8725564170948
2.5630170283995626E-6     305.8026530565664
2.7068233640803924E-6     305.73622602041013
2.8506296997612223E-6     305.673275308626
2.994436035442052E-6      305.613800921214
3.138242371122882E-6      305.55780285817417
3.3317719645967914E-6     305.48620079502655
3.5253015580707004E-6     305.4179239295751
3.718831151544609E-6      305.3529722618198
3.912360745018518E-6      305.2913457917606
4.105890338492428E-6      305.23304451939754
4.299419931966336E-6      305.17806844473057
4.559865441066192E-6      305.1077161361049
4.820310950166048E-6      305.04058420885707
5.0807564592659025E-6     304.97667266298697
5.341201968365758E-6      304.9159814984947
5.601647477465614E-6      304.85851071538025
5.86209298656547E-6       304.8042603136436
6.212591620074571E-6      304.7347972049774
6.563090253583673E-6      304.668480477898
6.913588887092773E-6      304.6053101324055
7.264087520601875E-6      304.5452861685
7.614586154110975E-6      304.48840858618144
7.965084787620077E-6      304.4346773854498
8.436773543242341E-6      304.3658459644157
8.908462298864604E-6      304.30010826001654
9.380151054486864E-6      304.23746427225234
9.851839810109127E-6      304.17791400112304
1.0323528565731391E-5     304.1214574466287
1.0795217321353652E-5     304.06809460876934
1.1429997824430673E-5     303.9997083340605
1.2064778327507695E-5     303.93437655421445
1.2699558830584716E-5     303.8720992692312
1.3334339333661737E-5     303.81287647911086
1.396911983673876E-5      303.75670818385333
1.4603900339815779E-5     303.7035943834586
1.545817570521584E-5      303.635510978293
1.63124510706159E-5       303.570451689604
1.716672643601596E-5      303.5084165173916
1.802100180141602E-5      303.4494054616558
1.887527716681608E-5      303.39341852239664
1.9729552532216138E-5     303.3404556996141
2.087920527761064E-5      303.2725425954723
2.202885802300514E-5      303.2076293706291
2.317851076839964E-5      303.1457160250844
2.432816351379414E-5      303.0868025588384
2.547781625918864E-5      303.030888971891
2.662746900458314E-5      302.97797526424216
2.817463700629234E-5      302.9101059880802
2.972180500800155E-5      302.84521251602234
3.126897300971075E-5      302.78329484806846
3.2816141011419954E-5     302.7243529842187
3.436330901312916E-5      302.668386924473
3.591047701483836E-5      302.61539666883135
3.79926044865728E-5       302.54740071040345
4.007473195830722E-5      302.4823535695942
4.2156859430041654E-5     302.42025524640354
4.423898690177608E-5      302.36110574083153
4.632111437351052E-5      302.30490505287815
4.840324184524495E-5      302.2516531825434
5.1205300434962405E-5     302.1832787857531
5.4007359024679865E-5     302.11781464593
5.6809417614397325E-5     302.0552607630741
5.961147620411478E-5      301.9956171371854
6.241353479383224E-5      301.93888376826385
6.52155933835497E-5       301.8850606563095
6.898535966015274E-5      301.8159001616171
7.275512593675578E-5      301.74958408927085
7.652489221335879E-5      301.6861124392707
8.029465848996183E-5      301.62548521161665
8.406442476656487E-5      301.5677024063087
8.78341910431679E-5       301.5127640233469
9.277031084134688E-5      301.4438515530373
9.770643063952586E-5      301.3775374417949
1.0264255043770481E-4     301.3138216896198
1.0757867023588378E-4     301.2527042965119
1.1251479003406277E-4     301.19418526247136
1.1745090983224174E-4     301.13826458749804
1.2296151899936388E-4     301.0779169011663
1.2847212816648597E-4     301.01931822601904
1.3398273733360806E-4     300.9624685620562
1.3949334650073015E-4     300.9073679092778
1.450039556678523E-4      300.85401626768396
1.505145648349744E-4      300.8024136372746
1.560415334552536E-4      300.7518703406777
1.615685020755328E-4      300.70229729586305
1.6709547069581197E-4     300.65369450283055
1.7262243931609114E-4     300.6060619615803
1.7814940793637034E-4     300.5593996721122
1.8367637655664954E-4     300.5137076344263
1.8920334517692874E-4     300.46868656887915
1.9473031379720795E-4     300.4241612066191
2.0025728241748715E-4     300.3801315476461
2.0578425103776635E-4     300.33659759196024
2.1131121965804555E-4     300.2935593395615
2.1683818827832475E-4     300.25101679044985
2.2236515689860395E-4     300.2088055004064
2.2789212551888315E-4     300.1667442736837
2.3341909413916238E-4     300.12483311028166
2.3894606275944158E-4     300.08307201020034
2.444730313797208E-4      300.0414609734398
2.5E-4                    300
